     2018.661         5.946       2014.490         8.290    311   204
     1238.686         8.513       1234.242        12.251     94   278
      707.714        11.977        703.346        16.356    771   490
     1768.044        20.065       1763.887        22.890    249   467
      433.886        21.104        429.506        25.975    681   471
      684.023        24.523        679.681        29.058    741   314
       16.142        28.223         11.633        33.681      1   351
      234.417        31.781        229.922        36.910    341  1017
      157.242        35.769        152.836        40.759     31  1284
     1480.595        36.330       1476.361        39.589    156   743
     2846.177        39.552       2842.186        40.765    590  1980
     2128.223        42.444       2124.029        44.811    373   346
      319.409        51.183        315.009        56.242    651   191
      509.489        58.619        505.165        63.392    711   342
      826.873        65.662        822.713        70.042    801  1389
     2603.931        73.573       2599.819        75.224    497  1648
     1369.859        75.038       1365.619        78.639    125  1458
     2648.635        76.513       2644.444        78.177    528  1559
     1186.463        90.947       1182.305        94.819     63   687
     2813.664        92.545       2809.644        94.049    559   536
     1095.796        97.786       1091.605       101.675     32   335
      701.381       112.394        697.128       116.870    742  1335
     3007.716       112.819       3003.851       113.873    622   459
     2359.053       114.921       2366.745       128.831    436   352
     1518.272       118.722       1514.124       122.114    188   787
       48.388       119.184         43.986       124.753      2  1626
      383.728       124.978        387.763       118.694    652   667
     2242.120       130.841       2250.826       145.871    405   719
     1262.054       147.757       1258.099       151.496     95   948
     1999.364       148.417       1995.618       166.422    312   894
      920.829       151.799        916.696       155.974    832   726
     2876.519       154.427       2872.535       155.669    591  1013
      161.202       166.584        157.000       171.826     62   412
     1122.740       170.664       1118.723       174.456     64  1774
      881.728       173.902        877.529       178.172    802   981
     2456.158       175.766       2452.372       177.658    467  1769
     2525.616       181.970       2521.670       183.829    498   215
     2637.822       182.043       2633.994       183.713    529   296
     2758.706       203.354       2770.385       208.209    571   836
     2057.098       204.845       2053.203       207.330    354   141
      638.973       205.426        634.971       210.044    753  1877
       54.315       207.733         50.081       213.224     13   511
     1732.635       209.588       1728.651       212.545    261  1160
      907.523       212.910        903.482       217.038    813   878
     2958.727       226.226       2955.130       227.364    633   964
     2659.863       227.049       2656.114       228.626    540   225
      431.823       228.473        427.782       233.383    693   952
     2389.140       236.847       2385.518       238.851    447   943
      199.473       236.922        195.421       242.175     93   440
     1993.792       244.150       1989.932       246.737    323   534
      792.462       247.067        788.398       251.451    783   153
     1152.909       254.175       1148.954       258.019     75   689
     1424.088       255.917       1421.176       238.775    168   468
      255.816       257.281        251.789       262.418    403  1279
     1622.703       262.103       1618.893       265.290    230  1795
      535.279       268.493        531.215       273.301    723   659
     1097.568       277.380       1093.593       281.254     44   846
     1364.758       286.083       1360.906       289.720    137   286
     2264.630       295.120       2260.947       297.283    416  1602
     2343.233       313.026       2339.604       315.062    458   526
      154.810       315.484        150.785       320.833    124   765
      843.094       316.209        839.235       320.525    824   773
      515.925       319.679        511.895       324.498    734   760
     1261.065       335.210       1257.170       338.875    117   574
      676.838       341.456        672.988       345.993    764  1991
     1828.630       344.760       1824.867       347.703    303   925
     1946.403       348.663       1942.691       351.436    334   884
     2801.650       348.873       2798.212       350.438    582  1311
      462.469       362.959        458.586       367.910    704   548
       76.431       370.045         72.522       375.523     24  1393
     1112.339       371.682       1108.514       375.649     86  1498
      774.753       381.997        770.963       386.348    794   378
     2829.917       398.364       2826.340       399.780    613  1884
     1027.045       401.270       1023.286       405.367     55   198
     2982.086       403.467       2978.648       404.550    644   592
      765.845       423.372        762.105       427.818    795   807
     2525.492       450.121       2521.999       451.870    521  1479
     2413.309       451.053       2409.730       453.042    459   413
      192.944       451.838        189.222       457.078    155   283
     1714.066       453.603       1710.619       456.483    242  1111
      556.871       453.628        553.219       458.343    735   597
      879.026       458.189        875.329       462.386    825   851
     2021.329       460.846       2017.823       463.430    366  1857
      313.590       460.966        309.846       466.050    675   523
     2976.486       461.828       2987.161       475.699    645   506
      405.565       462.588        401.834       467.601    705   731
       78.091       464.727         74.386       470.195     25  1069
     2241.657       471.859       2238.338       474.021    428  1514
     1473.188       473.076       1469.550       476.436    180    28
      958.907       477.410        955.258       481.592    855  1118
     1844.151       486.615       1840.538       489.374    304  1545
     1575.980       489.757       1572.485       492.924    211  1594
     2446.907       501.507       2443.399       503.506    490   746
      644.038       503.215        640.309       507.933    765  1590
     1531.134       507.215       1527.549       510.471    212  1575
     1004.308       509.491       1000.755       513.567    856  1537
      678.203       511.165        674.652       515.620    766  1712
      322.179       513.792        318.397       518.923    676   418
     2668.134       521.848       2664.653       523.511    553   917
     2339.037       529.860       2335.584       531.882    460  1521
      768.030       531.418        764.539       535.774    796   757
     2065.924       544.937       2062.456       547.430    367   602
     1482.090       546.213       1478.549       549.504    181  1378
     1248.592       557.502       1245.080       561.279    119  1811
     2831.524       560.152       2828.208       561.504    615   713
       83.786       561.817         80.216       567.259     26   345
     1682.126       565.351       1678.666       568.484    243  1705
     1763.911       568.385       1751.978       574.789    274  1109
     2187.946       572.414       2184.539       574.765    398   744
     2519.477       575.395       2516.396       577.210    491  1538
      482.605       576.629        479.057       581.433    706   696
     2594.718       586.456       2591.481       588.313    522  1660
     1145.706       592.743       1142.182       596.663     88  1603
      135.279       597.644        131.682       602.953    186  1663
      478.635       617.177        475.111       622.020    707   376
      866.343       622.274        862.909       626.551    827   900
      307.140       633.756        303.627       638.873    677   251
      555.707       634.865        552.246       639.605    737   236
     1595.095       641.446       1591.798       644.648    213  1099
      606.152       665.494        602.695       670.238    767  1009
     1631.511       665.840       1628.263       668.949    244  1998
     2399.413       680.258       2383.013       676.460    461  1195
     1079.901       685.588       1076.655       689.645     58  1134
      210.103       687.761        206.642       693.020    527   897
     2683.701       695.152       2680.582       696.791    554   174
     1422.730       698.578       1419.415       702.130    182  1560
      178.517       699.372        175.124       704.637    217  1073
     1804.763       699.720       1801.549       702.667    275  1933
     3020.111       700.553       3017.154       701.647    647   723
       69.724       706.356         66.333       711.736     27  1901
      346.278       709.468        342.970       714.412    678  1020
      276.823       710.688        273.424       715.843    558    14
     2372.934       719.989       2369.868       722.084    462   789
     1712.527       727.358       1709.350       730.382    245   564
     2871.069       729.970       2868.020       731.269    617  1219
      975.486       738.269        972.153       742.455    858   156
      640.852       754.178        637.631       758.797    768   142
     1051.092       754.186       1047.848       758.126     59  1316
     2272.159       755.544       2269.144       757.702    431   275
      520.625       756.657        517.399       761.373    738   493
     1250.642       777.198       1247.552       780.967    121   714
      490.309       780.238        487.018       785.154    708  1313
     1124.367       784.804       1121.317       788.729     90   899
      737.900       791.862        734.582       796.334    798   826
       13.667       794.907         10.348       800.423     28  1947
     2630.774       798.151       2627.779       799.790    555  1706
     3013.571       799.845       3010.702       800.847    648  1052
     2557.787       806.059       2554.923       807.811    524  1930
     2482.810       806.876       2479.874       808.812    493   721
      624.407       810.887        628.865       796.530    769   257
     2641.011       813.944       2627.779       799.790    556  1706
      578.753       816.105        589.190       805.821    739  1629
     1593.689       816.821       1590.555       820.008    215  1943
      231.914       818.885        228.774       824.003    589  1638
     1352.031       833.193       1348.998       836.684    153  1697
      721.209       840.563        718.085       844.990    799  1483
      339.360       842.807        336.161       847.845    679    99
     1949.972       844.022       1947.096       846.726    339  1784
     1442.417       844.535       1439.340       847.964    184  1379
     2393.258       849.708       2390.324       851.805    463   821
     3000.339       861.896       2997.720       863.022    649  1376
     1884.287       867.857       1881.295       870.664    308   384
       34.946       880.521         31.736       886.041     29   152
      917.323       883.678        914.247       887.938    859   933
     1231.432       895.875       1228.520       899.566    122   590
     2648.636       928.867       2645.817       930.597    557  1578
     2055.990       933.568       2057.056       951.743    371  1632
      381.456       941.614        378.486       946.586    680  1143
     2956.392       944.662       2953.879       945.981    650  1548
     2358.390       944.712       2355.547       946.771    464  1286
      421.833       944.811        418.794       949.843    710  1256
     2166.757       947.008       2163.934       949.363    402   980
     1011.105       950.224        991.559       946.075     61   949
     1997.573       952.696       1981.111       943.522    340   763
     1551.396       961.609       1548.438       964.715    216  1476
     2503.944       989.831       2501.290       991.738    495  1198
      949.670       994.739        946.734       998.913    860   734
        7.801       999.806          4.825      1005.485     30  1144
      778.464      1000.156        775.594      1004.556    800   816
     2604.124      1002.593       2614.897      1019.265    526  1119
      893.964      1007.995        891.075      1012.249    830  1177
     2872.974      1009.344       2870.311      1010.594    619  1137
     2003.534      1016.794       2000.861      1019.474    313   868
     1076.732      1027.783       1073.855      1031.803     34  1444
      446.489      1036.410        443.545      1041.251    683  1992
     2600.262      1040.091       2588.864      1024.407    499  1766
      893.491      1045.048        890.727      1049.393    803   747
     1703.532      1055.540       1700.882      1058.589    220   325
     1138.807      1061.775       1135.984      1065.657     65   692
      625.000      1063.291        622.257      1067.916    743  1504
      986.333      1063.417        983.672      1067.302    833  1889
     1377.047      1068.225       1374.269      1071.785    127  1600
     1237.475      1068.806       1234.723      1072.195     96   969
     1536.937      1073.535       1534.146      1076.923    189  1501
     1882.220      1077.948       1879.599      1080.748    282    58
     2846.915      1088.974       2844.401      1090.312    592  1154
     1464.663      1096.281       1461.976      1099.714    158  1008
      350.292      1102.346        347.510      1107.347    653   654
     3029.492      1104.451       3027.118      1105.499    623  1082
     1665.280      1111.405       1662.711      1114.576    221  1191
     2427.825      1116.969       2425.211      1118.896    469  1227
     3007.212      1125.724       3004.813      1126.845    624  1083
       82.724      1129.040         79.953      1134.490      4     4
     1124.036      1129.967       1121.424      1133.886     66  1872
     2393.146      1132.368       2390.646      1134.604    438  1718
      328.201      1132.879        325.422      1138.003    654  1377
     2563.890      1147.182       2561.422      1148.903    500  1266
     1859.775      1149.222       1857.325      1152.001    283  1413
     1786.277      1150.826       1783.718      1153.741    252    61
      811.621      1154.398        808.879      1158.803    804   219
      963.599      1155.307        960.860      1159.481    834   239
     1976.563      1159.219       1974.173      1161.837    314   984
      788.000      1159.385        785.273      1163.770    774  1804
      690.211      1160.604        687.530      1165.202    744  1452
     2714.554      1160.857       2712.149      1162.427    531   485
     1069.583      1165.287       1066.968      1169.202     35   507
     1216.994      1180.068       1214.388      1183.829     97    70
     1375.734      1181.587       1373.113      1185.115    128   954
      475.536      1184.527        472.819      1189.332    684   674
     1567.872      1209.320       1565.346      1212.687    190  1265
     2043.169      1211.063       2040.732      1213.590    345   431
     1093.191      1212.656       1090.813      1216.474     36  1667
     2541.731      1217.006       2539.361      1218.793    501   231
     2930.145      1219.928       2927.734      1221.354    625  1456
     1732.666      1229.130       1730.154      1232.147    253  1855
     1549.602      1239.053       1547.043      1242.299    191   579
      842.070      1239.979        839.673      1244.343    805  1673
      324.900      1250.582        322.336      1255.664    655   854
     1313.535      1250.777       1326.932      1236.983    129  1916
      636.383      1251.871        633.832      1256.546    745   551
     1125.592      1266.374       1123.123      1270.260     67   321
     2742.316      1269.313       2740.083      1270.755    563   110
     1296.577      1273.931       1294.093      1277.649     98   604
     2252.099      1279.685       2249.852      1281.873    408   472
     2718.926      1280.768       2716.630      1282.158    532  1181
     1860.341      1287.122       1857.974      1290.007    284   823
      707.720      1298.803        694.858      1288.998    775  1720
      513.694      1302.640        511.177      1307.421    715  1687
      410.942      1304.265        408.470      1309.256    685    81
     2252.286      1322.297       2250.161      1324.572    409  1314
     1048.769      1322.439       1046.257      1326.389     37  1624
     1172.445      1336.857       1170.098      1340.793     68   956
     1533.515      1338.827       1531.062      1342.264    192  1948
      854.410      1348.497        851.931      1352.904    806  1493
     2437.429      1349.071       2435.363      1351.083    471   178
     2812.614      1359.920       2810.562      1361.329    564  1487
      451.206      1362.685        448.886      1367.491    686  1513
     1626.389      1367.846       1624.247      1370.975    223  1093
     3008.698      1384.733       3006.683      1385.946    626  1322
      528.741      1389.660        526.392      1394.453    716  1043
     2331.963      1409.266       2329.991      1411.396    440  1715
     2583.708      1410.143       2581.661      1411.907    502    97
     2021.461      1412.112       2019.257      1414.771    347   543
      327.389      1413.582        325.200      1418.619    656  1693
     1425.940      1417.193       1416.908      1430.797    162  1952
      626.085      1429.713        623.835      1434.373    747  1332
     1162.318      1434.874       1160.192      1438.589     69  1748
     3004.750      1442.201       3002.857      1443.310    627  1300
     2326.016      1443.172       2323.940      1445.246    441   508
      425.529      1447.576        423.225      1452.519    687    50
     2190.398      1450.088       2188.460      1452.388    379   439
     1758.576      1460.641       1756.501      1463.603    255  1027
      924.910      1469.059        922.766      1473.347    837  1819
     2520.953      1475.325       2518.936      1477.144    472    10
      315.430      1476.270        313.190      1481.366    657  1239
       95.877      1479.075         93.695      1484.512      7  1530
      887.055      1495.150        885.006      1499.423    807   802
     1819.830      1510.091       1817.828      1513.001    286   680
     2821.822      1518.320       2834.067      1504.570    566  1122
     2518.611      1527.383       2516.735      1529.165    473  1922
     1721.367      1536.443       1719.359      1539.464    256   813
     1878.930      1536.872       1876.886      1539.738    287  1340
      426.513      1559.929        424.401      1564.933    688  1056
      309.955      1561.923        307.786      1567.026    658   194
     1995.788      1564.500       1993.809      1567.124    318  1189
     2602.034      1567.552       2600.247      1569.120    504  1727
     1493.422      1574.516       1491.530      1577.833    163   945
      513.906      1579.570        511.783      1584.313    718   150
     1232.312      1581.312       1230.269      1585.138    101   935
     3016.531      1582.307       3014.847      1583.373    628   822
     1651.414      1584.321       1649.322      1587.448    225  1006
     2036.542      1585.933       2034.734      1588.575    349    73
     2241.872      1587.196       2240.001      1589.394    411  1973
      743.503      1593.607        741.584      1598.029    778   189
     2377.830      1593.616       2375.999      1595.701    442    18
     2453.816      1621.668       2452.210      1623.610    474  1885
     2796.943      1627.302       2798.363      1614.817    567  1024
     2172.172      1635.325       2170.289      1637.762    381  1771
     1019.820      1651.078       1017.971      1655.074     40   149
      723.291      1652.564        721.480      1657.057    779  1282
     1882.599      1652.773       1880.800      1655.454    288  1199
     1360.500      1654.073       1358.687      1657.845    133  1131
      454.522      1658.533        452.482      1663.475    689   606
     2888.616      1666.953       2886.938      1668.275    598   950
       22.022      1672.564         20.000      1678.096      9  1674
     1208.815      1675.672       1206.945      1679.354     71   740
     1634.917      1694.411       1633.163      1697.563    226   116
     1760.690      1695.802       1758.960      1698.848    257  1591
      836.215      1701.948        834.411      1706.267    809    74
     1559.228      1711.489       1547.498      1726.878    195  1113
     1549.210      1723.529       1547.498      1726.878    196  1113
     2960.135      1724.158       2958.637      1725.240    630   571
      843.184      1728.723        841.484      1732.957    810   829
     2445.825      1752.271       2444.141      1754.281    475  1773
     1302.078      1753.807       1300.427      1757.490    103  1725
       99.753      1754.858         97.941      1760.254     10   393
     2381.777      1780.849       2380.142      1782.918    444   872
      607.730      1787.311        605.981      1792.057    750   258
      446.127      1787.442        444.428      1792.323    690  1408
     1388.211      1803.299       1386.745      1806.594    134  1822
      589.188      1803.877        587.495      1808.625    720   446
     1027.097      1807.664       1025.423      1811.677     41  1085
     2613.165      1812.819       2609.182      1795.630    506   438
      793.553      1823.329        791.838      1827.825    781   998
      636.942      1826.942        628.206      1815.442    751   234
     2173.338      1831.295       2171.726      1833.666    383  1678
     1008.315      1834.979       1006.765      1839.110    841  1593
     3029.307      1848.766       3028.041      1849.932    631    86
       58.338      1850.015         56.615      1855.458     11  1464
     1482.270      1857.002       1480.799      1860.247    166   997
     2800.362      1864.382       2798.849      1865.754    569   708
     2909.535      1868.349       2908.195      1869.652    600   754
     1932.040      1877.593       1930.722      1880.309    321  1309
     2723.272      1879.337       2721.885      1880.917    538   737
      583.783      1890.159        582.304      1894.649    721  1896
     1851.280      1891.495       1849.743      1894.243    290  1321
     2482.893      1894.651       2481.421      1896.457    476   368
     1319.868      1894.950       1318.337      1898.574    135   768
     2036.144      1897.975       2034.716      1900.511    352  1781
      502.617      1907.427        501.046      1912.187    691  1523
     2539.904      1915.728       2538.632      1917.575    507  1120
       89.386      1923.013         87.736      1928.459     12  1786
     2863.492      1925.820       2862.201      1927.143    601  1095
     1525.253      1934.806       1523.833      1938.132    198    26
      443.067      1936.741        441.566      1941.653    692  1449
     1115.511      1942.625       1114.036      1946.617     74   254
     2766.408      1948.093       2765.246      1949.550    570  1702
     1511.367      1961.448       1510.031      1964.792    167  1836
     1241.929      1970.521       1240.420      1974.217    105   148
     1047.938      1979.766       1046.497      1983.816     43  1303
      767.402      1981.899        765.929      1986.373    782   250
     1742.252      1982.905       1740.890      1985.867    260   593
     1968.235      1983.734       1966.936      1986.376    322  1108
     2626.353      1987.951       2625.182      1989.715    539  1033
     1621.080      1989.242       1619.820      1992.442    229   448
     2081.873      2001.391       2080.559      2003.845    353  1416
     1413.783      2014.947       1404.340      2027.044    136  1401
      307.963      2019.695        306.518      2024.849    662   195
     1479.255      2020.365       1478.012      2023.741    169    93
     1405.652      2023.488       1404.340      2027.044    138  1401
      964.603      2025.046        963.101      2029.168    844   357
     2653.376      2032.110       2652.223      2033.786    541   529
     1043.825      2060.785       1042.382      2064.895     45  1091
     2547.167      2060.883       2546.090      2062.594    510  1398
      334.291      2066.866        332.960      2071.938    664   179
     2936.508      2073.232       2935.244      2074.291    634  1633
     2784.239      2081.853       2783.188      2083.359    572   895
     2295.902      2084.992       2294.802      2087.235    417   852
      433.338      2086.529        431.989      2091.458    694  1080
     1846.209      2107.811       1845.217      2110.629    293  1032
      862.356      2116.192        861.047      2120.515    814   804
     2617.849      2131.125       2616.647      2132.875    511   844
     1740.887      2133.209       1744.314      2115.270    263  1533
     1561.883      2135.921       1560.901      2139.286    201  1740
     2694.638      2152.169       2693.668      2153.829    542   905
       72.430      2152.753         71.205      2158.213     15   164
      541.816      2158.078        532.225      2148.375    725  1567
      944.843      2184.723        943.637      2188.853    845  1105
     1867.611      2185.078       1866.533      2187.913    294   982
     1315.838      2189.869       1314.906      2193.448    139  1176
     1120.165      2199.844       1119.081      2203.765     77   690
      422.407      2200.927        421.208      2206.017    695  1871
     2427.027      2201.316       2426.106      2203.448    480  1467
     2958.985      2203.142       2958.359      2204.522    635  1641
     1424.234      2203.200       1423.188      2206.661    170  1252
     2727.974      2213.671       2727.198      2215.232    573   332
     2868.626      2214.818       2867.825      2216.238    604   940
     2802.076      2229.243       2800.937      2230.792    574  1650
       30.847      2231.791         29.692      2237.326     16   200
     1930.187      2234.507       1929.285      2237.248    326   779
     1233.027      2235.642       1232.043      2239.365    109   123
     2486.608      2243.083       2485.966      2245.110    481  1612
      992.540      2246.347        991.483      2250.359    846   353
     1890.264      2247.168       1889.478      2249.789    295  1974
      562.811      2248.996        561.717      2253.779    726  1206
     1199.525      2250.597       1198.552      2254.480     78  1609
     2336.932      2251.924       2336.108      2254.189    450   618
     2316.902      2278.620       2316.015      2280.946    419  1830
     2122.660      2282.273       2121.725      2284.811    388   951
      796.317      2298.653        795.275      2303.126    786  1909
      361.975      2309.760        361.003      2314.858    666  1320
     1681.482      2314.468       1680.672      2317.548    233  1562
      406.273      2317.001        405.299      2322.041    696   255
     2377.686      2327.259       2377.027      2329.304    451   909
      573.497      2327.833        576.274      2312.236    727  1721
     1719.021      2337.481       1718.183      2340.483    265  1904
     1017.894      2340.708       1010.354      2358.450     48  1068
     2513.774      2346.927       2512.990      2348.857    482   776
     1511.663      2364.017       1510.976      2367.328    172   546
     1620.877      2377.694       1620.106      2380.842    234  1310
     2225.442      2379.836       2224.761      2382.228    420   188
     1253.510      2383.325       1252.861      2387.011    110  1750
     2208.318      2384.362       2224.761      2382.228    389   188
     1129.305      2385.679       1128.650      2389.495     79  1325
       92.339      2389.806         91.518      2395.375     17  1713
     2015.153      2398.044       2014.442      2400.606    327  1415
     1398.386      2401.163       1397.746      2404.719    141   476
     1864.169      2402.614       1863.331      2405.337    296  1153
     2031.518      2403.123       2014.442      2400.606    358  1415
      639.950      2408.988        639.021      2413.654    757  1929
      785.583      2433.449        784.838      2437.913    788   289
      335.364      2435.360        334.590      2440.432    668   288
     1229.066      2435.726       1228.377      2439.538    111  1002
      649.763      2448.465        648.914      2453.170    758   907
     1457.325      2450.937       1456.792      2454.376    173   594
      462.453      2452.730        461.698      2457.629    698    34
     1124.913      2460.337       1124.112      2464.277     80   388
     2059.821      2461.796       2059.304      2464.297    359   973
     2844.824      2472.503       2844.467      2473.870    607   635
     2425.390      2484.027       2424.862      2486.002    483   882
     1934.966      2491.548       1934.478      2494.255    328   379
     2597.445      2497.954       2596.955      2499.740    514   673
     1538.307      2502.232       1537.795      2505.643    204  1700
     1618.763      2522.377       1618.237      2525.498    235    42
      850.745      2524.054        850.108      2528.388    818    69
      430.872      2527.732        430.184      2532.622    699  1040
     1348.763      2532.957       1348.206      2536.528    143   248
     2107.575      2538.487       2107.218      2540.992    360  1428
     2647.606      2544.711       2647.232      2546.292    546   932
      722.143      2547.302        721.567      2551.829    789   211
     2415.181      2549.455       2414.755      2551.379    453   630
      528.982      2562.459        528.481      2567.340    729   437
      372.179      2563.742        371.596      2568.788    669    64
      879.128      2566.851        878.591      2571.097    819   290
     3007.844      2581.664       3007.653      2582.885    639   741
     1206.132      2583.077       1205.688      2587.009     81   309
     1965.518      2595.572       1965.115      2598.282    329   716
     1843.163      2609.097       1842.877      2612.111    298  1747
       63.651      2616.427         63.036      2621.976     19  1503
     2244.008      2625.584       2231.051      2618.317    422  1289
       34.061      2632.792         25.969      2629.298     20  1057
     2267.288      2633.887       2266.981      2636.127    423   121
      822.017      2648.958        821.575      2653.415    820   111
      951.693      2664.550        951.266      2668.722    850   698
     2059.042      2668.852       2058.772      2671.382    361  1296
     1260.000      2671.160       1259.651      2674.912    113    37
     1370.798      2676.727       1370.400      2680.216    144   554
     1470.495      2681.098       1470.231      2684.587    175  1285
     3023.934      2685.176       3023.864      2686.303    640   749
     2153.427      2685.762       2153.237      2688.246    392   893
     2669.367      2686.654       2669.233      2688.352    547  1979
     2428.648      2692.196       2428.523      2694.138    485   967
     2896.378      2694.361       2896.298      2695.652    609   408
     1103.218      2696.171       1087.617      2707.648     51  1596
      464.399      2705.588        463.982      2710.427    700   419
     2735.782      2710.658       2735.734      2712.271    578   830
     2324.919      2726.353       2324.750      2728.533    454   228
     1968.240      2726.575       1968.173      2729.291    330  1342
     2859.028      2745.220       2860.251      2733.289    610  1496
      357.267      2762.566        356.968      2767.795    671   871
     1361.166      2763.851       1361.008      2767.415    145  1486
     1275.573      2765.743       1275.294      2769.502    114   560
     1624.332      2772.589       1624.163      2775.758    238   162
     2570.913      2773.752       2570.910      2775.635    517   611
     2808.489      2775.184       2808.397      2776.586    579  1051
     1597.728      2777.654       1587.955      2794.101    207   828
     1986.393      2780.986       1986.425      2783.681    331   496
      519.836      2785.100        519.480      2789.950    731  1175
     1808.596      2788.188       1808.506      2791.163    269   380
      693.785      2791.809        693.615      2796.460    761  1459
      422.999      2794.099        422.807      2799.122    701  1478
      978.987      2797.573        978.811      2801.642    851  1580
        8.576      2811.383          8.360      2816.998     21   715
     2467.861      2813.405       2467.941      2815.420    486   253
     2983.270      2818.858       2968.144      2825.338    641   549
     1144.498      2821.063       1144.336      2825.008     83  1188
     2688.920      2821.522       2688.973      2823.118    548  1202
      784.726      2823.263        784.568      2827.640    791   256
     1032.371      2824.948       1032.249      2829.200     52  1001
     1916.805      2828.535       1916.762      2831.321    301   117
      930.205      2835.773        930.113      2839.946    852   242
      437.154      2840.328        436.961      2845.220    702  1059
     2041.205      2847.231       2041.154      2849.820    363   958
     1068.181      2864.517       1068.107      2868.627     53   928
      758.737      2880.872        758.662      2885.479    792  1737
     2911.599      2881.006       2911.835      2882.267    611   607
     2506.200      2889.678       2506.312      2891.582    487   876
     1245.103      2890.067       1245.137      2893.944    115   450
     2688.478      2893.130       2688.716      2894.887    549   293
      893.483      2907.043        893.383      2911.348    822   614
     1936.107      2913.381       1936.328      2916.159    332  1045
      688.747      2919.375        688.783      2924.210    762  1899
     1113.965      2925.751       1113.938      2929.768     84    48
      518.937      2928.578        518.955      2933.417    732   373
     2420.804      2937.472       2420.948      2939.344    457  1683
     2734.049      2941.454       2734.385      2943.105    581   724
     1502.251      2946.113       1502.162      2949.581    178  1621
     1037.490      2952.272       1037.486      2956.424     54   197
     2065.668      2954.465       2065.969      2957.094    364  1954
      670.933      2955.188        670.957      2959.886    763  1148
     1341.659      2958.227       1341.760      2961.906    147   902
      739.934      2960.142        739.963      2964.570    793   205
     1688.930      2970.087       1689.169      2973.244    240  1141
     1766.090      2973.940       1766.253      2976.927    271   567
      886.714      2980.280        886.703      2984.481    823  1324
     3025.198      2987.988       3042.862      2995.999    643  1823
     2214.898      2988.983       2215.077      2991.387    395   322
      443.854      2998.268        443.878      3003.293    703   706
      389.555      3000.821        389.572      3005.873    673   820
      553.363      3002.938        553.447      3007.718    733   842
     1847.575      3004.385       1847.894      3007.436    302  1472
     2499.557      3011.951       2499.868      3013.894    488   544
       86.061      3012.179         86.122      3017.711     23   562
     1551.328      3016.244       1566.164      3027.427    209  1034
     2678.828      3017.464       2679.177      3019.178    550    21
     2928.469      3028.048       2928.827      3029.427    612   167
